clear all
close all

P = zeros(13);
P(:,1:4)=[        0.06692788250263        0.03537406334698         0.00111323057343       -0.02305014292632 ;...
         0.03537406334698       0.13196866011244        0.04158174825188        -0.00257518182118 ;...
          0.00111323057343        0.04158174825188       0.15087628892283       -0.02426379084729 ;...
        -0.02305014292632        -0.00257518182118       -0.02426379084729        0.06982043419681 ;...
         -0.00807442098632        0.01835854821435        0.04250488147705       -0.02668110852327 ;...
        -0.03152646993236       -0.08509657098264       -0.06978767174597        0.01484567580389 ;...
         -0.00903793882506       -0.06119737849945         0.00711696232698        0.01917386900907 ;...
        -0.02804459016135       -0.03104828884350        0.01311381670774         0.00216368971263 ;...
        -0.01326845416715        0.01576524550031        0.05007313370069       -0.03046005159769 ;...
        -0.01189416907753       -0.05009635171184        0.02124863786914        -0.00317368020830 ;...
         0.01059239005217       -0.02900985100963        0.03498453531381       -0.02177035713048 ;...
         0.04422879025577        0.03577726065005         0.00192456745466       -0.01069995353876 ;...
         0.01962346165317         -0.00013969740321        0.04166507403995         0.00240952251637 ];

P(:,5:8)=[        -0.00807442098632       -0.03152646993236        -0.00903793882506       -0.02804459016135 ;...
         0.01835854821435       -0.08509657098264       -0.06119737849945       -0.03104828884350 ;...
         0.04250488147705       -0.06978767174597         0.00711696232698        0.01311381670774 ;...
        -0.02668110852327        0.01484567580389        0.01917386900907         0.00216368971263 ;...
        0.23955690756282       -0.06326637244821        0.03035617783117        0.04611818172864 ;...
        -0.06326637244821       0.12998524785755         0.00378247353091        -0.00402331432203 ;...
         0.03035617783117         0.00378247353091       0.10885736278819        0.01856705192386 ;...
         0.04611818172864        -0.00402331432203        0.01856705192386        0.07308311352267 ;...
         -0.00710839506243       -0.04488334262848       -0.01521259660288        0.03369910424654 ;...
        -0.01454736662643       0.11485924003517         0.00976646436259        0.01859112239271 ;...
         -0.00742146268840        0.01284078245818        0.01168025302756        -0.00830058883044 ;...
         0.03091421686659       -0.06750247863421        0.02528598762443       -0.02143331041559 ;...
        -0.01547295478846       -0.03439816066134        0.04488391960755         0.00919796349356 ];

P(:,9:12)=[        -0.01326845416715       -0.01189416907753        0.01059239005217        0.04422879025577 ;...
         0.01576524550031       -0.05009635171184       -0.02900985100963        0.03577726065005 ;...
         0.05007313370069        0.02124863786914        0.03498453531381         0.00192456745466 ;...
        -0.03046005159769        -0.00317368020830       -0.02177035713048       -0.01069995353876 ;...
         -0.00710839506243       -0.01454736662643        -0.00742146268840        0.03091421686659 ;...
        -0.04488334262848       0.11485924003517        0.01284078245818       -0.06750247863421 ;...
        -0.01521259660288         0.00976646436259        0.01168025302756        0.02528598762443 ;...
         0.03369910424654        0.01859112239271        -0.00830058883044       -0.02143331041559 ;...
         0.07767671406572       -0.01794185383404       -0.01181686152677         0.00121011945209 ;...
        -0.01794185383404       0.31626711275657        0.01528693504417       -0.03713909323050 ;...
        -0.01181686152677        0.01528693504417        0.07443112761265       -0.01400123143787 ;...
          0.00121011945209       -0.03713909323050       -0.01400123143787       0.10262903726484 ;...
          0.00936339174146       -0.04613281953006        0.04832816789634         0.00694704810048 ];

P(:,13)=[        0.01962346165317 ;...
          -0.00013969740321  ;...
         0.04166507403995  ;...
          0.00240952251637  ;...
        -0.01547295478846  ;...
        -0.03439816066134  ;...
         0.04488391960755  ;...
          0.00919796349356  ;...
          0.00936339174146  ;...
        -0.04613281953006  ;...
         0.04832816789634  ;...
          0.00694704810048  ;...
        0.10776387645784 ];
    
H = [       -0.52706852591076      -0.10325030012466      -2.28641311126410      -2.94038025063587    0.00000000000000  0.00000000000000       1.43005419657190  0.00000000000000    0.00000000000000  0.00000000000000  0.00000000000000  0.00000000000000 0.00000000000000 ];

R = 0.0001;

K = P*H'*inv(H*P*H'+R)
